=====================================AST_PY=====================================
=====================================AST_PY DONE=====================================
HLS C code written to /home/hnpark2/pylog/pylog_projects/pl_matmul/pl_matmul.cpp
[[(0, 0) (0, 0) (0, 0) ... (0, 0) (0, 0) (0, 0)]
 [(0, 0) (0, 0) (0, 0) ... (0, 0) (0, 0) (0, 0)]
 [(0, 0) (0, 0) (0, 0) ... (0, 0) (0, 0) (0, 0)]
 ...
 [(0, 0) (0, 0) (0, 0) ... (0, 0) (0, 0) (0, 0)]
 [(0, 0) (0, 0) (0, 0) ... (0, 0) (0, 0) (0, 0)]
 [(0, 0) (0, 0) (0, 0) ... (0, 0) (0, 0) (0, 0)]]
